id	gene	a	d	mu_r	mu_v
s0	GPR65_14_88477948_G>T	1287,1116,1262	2135,1233,1325	0.999	0.499
s1	GLIPR1L1_12_75728663_C>A	238,351,385	359,367,406	0.999	0.499
s2	DLG2_11_83544685_T>A	188,227,278	282,247,289	0.999	0.499
s3	LTA4H_12_96437132_A>C	360,332,332	525,362,341	0.999	0.499
s4	HYOU1_11_118925219_T>A	334,217,261	474,241,282	0.999	0.499
s5	TMEM176B_7_150490198_C>A	416,295,350	581,322,369	0.999	0.499
s6	ATP8B4_15_50288919_T>A	475,632,635	656,675,696	0.999	0.499
s7	UBR4_1_19480386_T>A	448,285,357	611,305,393	0.999	0.499
s8	OR56A3_11_5969447_C>A	951,646,721	1289,688,748	0.999	0.499
s9	CD59_11_33731800_A>C	1394,852,943	1886,897,991	0.999	0.499
s10	SMPD2_6_109762353_G>T	435,544,540	588,574,568	0.999	0.499
s11	KTN1_14_56103197_G>T	737,829,820	992,887,851	0.999	0.499
s12	OR51D1_11_4661941_G>T	567,488,555	747,515,579	0.999	0.499
s13	CLEC14A_14_38724919_G>T	95,356,358	125,375,376	0.999	0.499
s14	STARD9_15_42981235_G>T	351,485,650	460,527,695	0.999	0.499
s15	CSMD1_8_2975974_G>T	522,313,333	683,326,352	0.999	0.499
s16	DPP8_15_65759434_T>G	556,489,620	727,519,646	0.999	0.499
s17	PCDH7_4_31144238_C>A	472,699,751	617,756,811	0.999	0.499
s18	C12orf74_12_93100715_G>T	165,358,399	215,380,420	0.999	0.499
s19	TG_8_133923686_G>T	404,254,285	523,272,338	0.999	0.499
s20	NPTX2_7_98256550_G>T	367,220,270	470,232,277	0.999	0.499
s21	PINX1_8_10623135_C>G	129,603,643	164,644,674	0.999	0.499
s22	OR10K1_1_158435860_C>G	1260,824,921	1594,882,921	0.999	0.499
s23	CAST_5_96071930_A>T	570,594,717	716,630,750	0.999	0.499
s24	ZNF366_5_71756627_C>G	928,695,765	1084,745,796	0.999	0.499
s25	FAT2_5_150922074_G>C	631,406,517	732,449,538	0.999	0.499
s26	SLC36A2_5_150723106_G>T	1148,646,667	1293,690,703	0.999	0.499
s27	MPP4_2_202545751_C>G	307,173,179	307,174,192	0.999	0.499
